1043
2187
7231
5277
2595
5964
2471
2408
1090
9874
7337
3229
9947
5450
2740
3295
2655
5909
3297
4256
456
4748
3286
8965
4345
1248
3161
7795
8336
2689
7684
2982
7272
5742
560
7069
8730
555
3353
4470
8804
8660
7376
8762
6023
2188
5061
169
1566
8390
3550
2664
2614
8280
8236
7059
4860
7150
8537
5799
7615
976
6248
9910
490
6390
5790
3953
4679
9549
2551
1245
5907
4881
9337
9449
3332
2153
5821
424
3877
2237
348
4460
5544
2774
3798
4597
6636
3850
9620
2822
9847
5871
6447
808
3878
1765
1105
3699
5437
7724
7089
8744
4352
2595
9287
5903
3941
8396
1896
5069
8724
3281
2552
3904
9789
8005
3059
6550
9962
7830
3780
2999
1234
4974
4012
5196
5443
9943
5546
8267
5876
9033
4701
7360
1314
1216
5371
9909
6681
3110
3621
7343
3080
8037
3969
7411
8332
7863
2415
1961
1392
2211
5699
243
9876
9089
2648
3108
7844
4587
4659
8106
932
4607
7998
219
9617
3959
8248
9953
2563
8353
5924
8245
5875
4611
5069
381
8650
2515
7360
597
8997
5966
4301
2981
6959
7647
1505
5827
3449
2251
3863
3453
1185
7405
4046
4786
10000
2041
610
5434
9372
4891
509
5970
199
4127
4150
7365
4599
6730
7672
3654
7585
6336
3631
2362
6518
3152
7023
8923
4640
658
4442
7840
8567
5561
481
7774
7858
507
1834
1108
2964
4872
2773
7955
3001
1577
1521
7622
6147
3798
2545
7603
5100
8506
1766
8048
2641
1886
7671
4942
3718
1302
780
5889
3978
6885
5885
2338
9353
6971
470
8391
8170
7157
5877
6788
491
9406
6822
7774
950
7444
8479
5298
4825
5977
7116
3259
527
770
7662
4011
1910
9536
4897
6483
6288
7731
3987
8272
7522
3809
3789
5134
8919
573
4305
1904
9808
259
9520
9231
5168
2401
8522
1631
8236
1048
9621
9702
9972
6945
3382
2254
3252
3392
8561
700
1868
8199
698
4533
1397
972
8459
3219
8992
5846
1552
8005
8151
7582
5712
270
3282
9197
1070
2924
3820
1546
2156
3419
852
203
9201
3651
2735
4370
6910
8848
6705
5775
1279
3462
8668
751
6820
3163
3742
6451
2576
4590
5004
6693
8277
4167
7671
6850
3725
8609
3392
3754
5834
3637
4944
5857
6669
3523
7845
9318
3827
180
2724
7648
7872
2162
240
4977
2300
9756
4658
8035
2221
948
864
4891
7681
5696
3640
566
3220
5005
6493
2300
1902
2938
6169
2671
6544
7296
4346
4913
9489
6502
3652
3989
9421
7559
9183
3637
4874
7383
714
5861
8864
6944
6753
5187
862
8928
7893
6270
7350
1897
125
3890
3092
8129
6223
5628
1909
3386
4459
7982
4399
3046
7637
610
4942
6114
1511
7008
7549
2949
6686
6247
2845
9168
5898
6008
840
6579
414
2938
6795
9871
546
6730
8853
1906
9586
2818
6439
9038
3143
1663
9608
2805
7018
694
976
2766
9211
3544
3001
2852
5979
1047
8819
7475
1154
1523
4166
4384
414
9092
9733
9232
6316
3735
3365
7675
6332
87
2806
3392
9580
4304
5563
1441
5387
7218
5919
1724
288
7482
5791
2418
7904
6758
3177
8692
2504
2324
7720
6488
8240
2041
9582
7058
1070
700
6544
4666
7700
9675
3180
6458
1278
1140
4701
3114
9337
1909
893
1617
8335
9507
4261
540
5586
5483
6022
3201
503
8311
9123
5156
6955
1638
2675
6072
6753
7446
6486
9816
1883
7124
1484
1160
2901
5443
7188
1294
6905
2185
1142
6254
7843
6312
7364
6034
7305
7474
9861
5767
167
3681
3823
1353
9619
5921
5167
6568
4272
612
6009
8353
9664
7235
9055
1107
3964
3957
8392
7137
5839
7726
5789
8337
1163
740
9191
6017
682
4105
2817
4531
6970
5737
8813
9538
580
5233
5309
3348
1431
2538
3836
3001
9771
8240
1687
947
498
4731
9706
1493
1490
5211
7239
1353
7729
2440
865
9819
9105
4563
4203
891
8428
251
4565
7870
2239
7056
6060
203
4537
5216
3482
5530
5137
4859
7608
8802
4042
8966
8864
7454
1145
4932
2074
6102
8550
227
5314
1548
9592
8519
6011
327
4261
8730
323
1650
816
6482
9062
3030
4879
5917
8271
9523
3050
1953
8555
7498
6669
5334
8381
18
3327
3869
9519
4540
5193
8881
3497
442
3114
5282
9525
9739
5278
5686
6865
567
1428
6717
1592
6362
2564
7250
4020
3789
1933
576
5583
2883
377
7157
964
9567
4838
4365
967
7441
2616
7157
4937
9258
2264
5635
4490
9955
1340
2528
7263
422
5058
1903
3843
1280
1771
9926
7233
6266
3735
3126
2046
9683
7201
3203
6555
691
5879
7379
266
8094
837
4622
4047
9511
8721
3804
3351
7942
3677
9208
1497
7607
6580
8058
1143
2031
764
4772
2167
5490
8109
8840
6164
8212
3351
8804
1411
2227
5322
1766
8069
5484
1773
5626
2839
3801
1537
6621
4021
4205
6056
9055
594
1600
7518
5133
3247
2585
4039
5895
1143
7758
7450
49
1521
7259
1236
8296
892
6491
6289
8974
2393
43
9317
7635
5474
7871
6575
5962
3647
7992
2136
8304
3408
4071
7671
5658
3524
374
1913
450
3212
8277
1601
1970
1795
2419
1194
648
7194
5462
5578
5384
790
3480
4891
1847
9809
2447
5391
1901
7813
4016
8594
9000
1257
6938
775
3905
5471
2380
9892
3230
7777
2095
4907
6852
6310
7004
8475
2250
7961
7399
4776
3514
8365
219
4589
366
1987
2880
9211
8649
4677
3644
4304
729
2948
2035
4768
3952
393
298
4138
4247
2343
143
6681
7590
3522
5944
458
9988
6616
2608
1272
2259
8446
5084
5728
4641
7130
9620
2835
9239
4913
2382
616
4254
319
9177
7852
9877
855
3820
8555
91
8393
8010
2559
3589
6530
153
1715
5387
1076
4723
1338
5274
767
4672
3277
4498
9838
233
2476
5566
7180
4189
6552
1040
2413
5716
222
8680
8764
852
2792
5484
2269
5821
4073
4332
5534
8953
2305
3966
2760
8086
2119
1603
6377
716
2836
4854
4951
8450
1929
8904
7723
9358
8866
48
8463
7664
3325
988
7855
51
3199
6001
1076
359
6553
1441
9073
9034
916
5116
3542
6215
2638
8042
586
372
4003
4292
2969
5066
8825
3161
3
6530
278
5166
4976
6321
5312
6283
4354
9261
7549
5807
6502
6466
255
9789
3942
4123
8293
9339
460
2801
5122
1013
5647
8946
7196
1173
9129
8921
9046
1455
7698
8060
7712
8748
1580
2414
8887
786
5957
3489
5365
3424
9355
9310
9959
6711
8609
1314
9337
7170
5695
1408
6760
526
7492
5205
5896
8336
3183
180
4855
2031
4523
6646
8088
9237
941
3600
8670
7079
2941
4701
4844
5005
7961
1010
1801
7505
6035
7980
6195
367
9599
8745
9157
947
2106
614
3859
3156
9793
7120
1595
2302
7505
1634
5201
52
4674
46
4686
7525
2392
1727
5582
5007
3560
7772
2592
2016
9617
1779
8362
1729
1339
4705
5734
1597
3742
7957
4070
8291
1695
3926
5394
6239
876
4190
9874
9916
2229
8442
4164
1647
8313
6989
4327
5087
4473
6239
7891
7636
7242
8511
8232
2956
1334
8060
7407
888
1079
5735
8885
7296
766
4482
2123
4748
3604
6488
8136
5593
6899
6849
4323
7128
2943
2477
6385
9597
22
9291
5619
8474
1290
3960
8276
1285
937
4760
3361
8215
8349
4860
6264
3178
6770
8748
7318
5271
8928
4046
6691
5190
7860
8551
8087
7385
2068
9054
1606
9497
4954
507
6997
4449
7189
8878
4785
4925
1838
1922
301
1159
3345
2311
2071
8696
4293
9320
4717
5492
4496
8253
1264
2224
1287
4507
6526
3997
2116
8998
5806
4167
5828
5597
7573
5691
4207
5191
7456
957
9201
6179
5056
9825
5324
6453
2535
1696
6512
7895
684
3269
3090
1580
9767
3852
2887
3174
7444
769
885
3747
5772
7288
8605
722
5231
3394
8031
4590
2572
6908
5479
6172
9608
151
4832
6214
3016
4200
8972
8847
9118
9439
7201
427
2335
2114
5273
2043
2911
4836
1911
104
9760
6449
9232
3769
8747
5295
6808
3885
3080
5035
27
827
4208
3031
6592
8528
5587
967
696
322
7027
8272
1215
1412
997
8086
572
227
859
1554
9426
693
2272
6817
2541
7416
7407
3779
8406
9961
6058
6352
8245
4346
1534
1011
3536
582
5856
4765
5161
4094
4499
49
1788
5081
2314
8800
3782
7577
2257
3701
4975
7566
19
8620
3532
4728
6098
4334
6605
1957
3191
5875
2639
4020
6547
6048
1735
8533
2190
6330
6222
5736
3848
3578
1410
6361
7170
1054
8022
2145
6215
1696
3594
3550
4166
9690
7290
8892
4146
3125
805
8021
2498
9406
5045
3003
6572
939
7498
4641
9866
9142
1065
4306
5420
5551
9985
5158
5509
3312
5365
5580
8386
4155
9288
5811
2930
6331
5270
9779
2729
3840
9615
7165
1934
9761
8083
8568
5448
1091
9826
4764
6208
5350
2025
5868
8658
671
8369
5417
7358
9125
4824
4795
2284
3335
5195
3907
321
1010
8938
3592
4068
9662
3366
5499
4734
2504
6154
6098
5035
3323
3017
3643
3826
6114
1201
7853
3466
6983
7688
4221
2474
7741
8444
5651
8316
5760
9025
4404
4356
29
6400
5436
2629
506
1492
3998
8631
9979
2496
1260
1897
1556
9163
8938
8263
6831
3608
1985
7955
2067
9603
6114
7387
6135
5366
5626
4889
4717
1675
2325
34
1459
1099
8433
1815
5046
4490
1865
8053
8282
123
5613
6852
5067
4658
5289
3632
5988
2065
1482
2188
266
8454
9289
3555
7751
5359
9864
35
3407
5855
254
978
1252
5135
8831
159
8037
1114
5398
7618
213
4227
3651
1872
4392
3537
8174
1434
5546
722
2065
769
6333
9612
1004
739
6425
291
4387
1288
418
5367
4361
1409
8187
5428
4836
8345
6052
8645
5474
8599
5516
8048
5890
1505
6865
6055
6182
8946
6943
9239
2228
7478
4287
7047
7890
64
248
76
9527
8933
7092
7354
1898
5458
6333
8681
9916
8347
7765
1113
2238
3205
4020
1283
7024
8389
8970
54
6988
3402
290
4701
7520
889
3297
2261
8143
7681
1863
8037
362
5930
7159
8364
8867
8689
5792
3662
8199
4597
8476
531
8964
7372
7818
9157
5484
31
2011
1741
8555
3320
6905
110
4455
6006
6513
4286
1742
8708
9447
9275
7029
9039
4733
8083
6286
9522
2764
5187
479
7691
6026
6371
2717
1343
7460
4036
2487
7908
6086
4627
2344
942
7831
4462
1255
8128
9749
1076
1461
9858
6009
3006
4142
1219
1711
4286
8239
7487
8728
6148
4410
8745
3028
6728
3776
1916
810
5997
7591
4163
8680
3600
2293
1069
135
128
9136
7703
3516
870
4559
3458
2308
2380
2367
6763
2904
7226
7430
4185
133
8490
2731
9885
2204
9752
3487
9979
4343
1985
7958
9887
5001
2858
6712
9158
6671
4696
5496
7340
9595
1793
7258
5316
7691
6893
4261
2382
87
7261
406
3893
7259
8713
5985
7856
2527
1913
1193
7455
1408
9204
1069
9834
4504
6371
4086
6526
7593
8455
4172
2021
93
2549
634
5330
2257
5893
8043
8188
9763
4381
753
8767
4391
8108
2192
1415
7532
9474
5765
858
655
8624
4223
8856
6999
3551
391
3398
1370
6483
8546
8245
6647
1086
3867
7793
3144
2448
919
7782
1903
4771
391
3539
2118
4410
2538
8923
5471
5491
9653
7162
4975
9737
9102
4133
9292
3754
6246
4659
3928
899
3731
4657
5357
1571
247
4788
133
9714
7812
5567
7339
5777
5395
3088
6233
9226
6148
3032
1592
7132
4436
3383
1096
7961
1956
440
2341
4128
8344
3801
7166
5801
483
8151
1837
8998
9171
5148
210
2622
7274
5766
9380
6836
7890
5100
6073
9541
2454
4565
2811
7302
7640
2701
2937
9300
2859
7679
6486
377
4728
6699
9450
5681
6641
2794
8376
6592
5726
1895
2625
5444
410
6868
8192
9973
908
69
8322
5786
4160
2398
4691
9220
9159
5302
1391
630
1230
9967
7973
1563
2680
706
8018
8334
239
3642
3540
7419
9000
1245
5020
5271
9091
4706
9252
8830
9085
6790
2323
9772
7392
9276
7587
8365
2829
2012
1141
5765
1051
8325
7396
576
5128
5270
6341
1252
9729
2175
668
9471
4807
6402
3721
2028
9254
8582
608
8490
8692
2055
3947
8005
8241
3665
4355
1911
1351
2991
6322
5266
9844
5612
9349
3042
7849
871
4897
7843
3249
3275
2423
9224
4027
6667
2932
8213
9408
8067
3761
4911
1765
5870
1848
666
8487
8652
4725
4059
1367
2737
4803
9525
2261
371
3795
5690
8291
3630
5338
8912
5087
9291
6338
6324
779
734
335
9173
4456
707
2977
3217
5708
9588
733
9403
684
91
7474
1350
7189
5374
4918
610
1471
2328
7886
1992
982
157
2226
3299
9075
7867
1038
9079
5589
5431
9295
8034
7571
8225
8788
5543
7323
9203
1702
9095
6425
3138
9048
3287
4433
9743
8116
3963
7769
9090
89
1398
2270
1060
5730
2868
2317
9629
8139
1121
4822
4954
6077
2129
2980
4428
4068
1129
4913
1576
1101
1527
3830
6892
8874
5364
7535
4933
4526
6429
2238
9789
1316
5547
4850
7224
2778
7853
4913
7417
9017
3394
9591
8957
2553
1282
8167
7262
3662
2857
6743
2557
827
1665
7819
4664
3650
7896
9963
6616
2287
7286
5494
4503
650
5574
7199
402
9270
661
1241
4519
8202
7368
1062
9087
7174
3230
5784
5033
2501
9532
193
4941
4596
3063
4436
6241
4168
5660
7550
2367
1214
6716
7417
6535
7296
8391
4291
5274
9607
7046
8214
9314
4132
9129
5710
2607
7059
4825
6941
428
5488
1241
1946
6778
8513
6670
6919
838
2535
6705
6553
7092
9181
4392
4670
3395
8102
1967
2188
8831
6691
9436
2620
8258
4239
9883
4467
9741
4823
3685
5239
1428
8093
6126
6031
6244
67
6900
5472
6751
6340
434
7986
8291
9273
3674
4036
5445
5820
7061
3547
3307
5081
7213
7368
1429
3535
723
5451
9600
8965
7882
5152
5106
4408
1696
278
3818
7385
3947
9481
8683
7086
958
3546
5244
6137
7402
5248
1930
2377
7468
1631
2264
4411
9570
4153
1318
3603
3044
9872
9361
777
38
8895
5275
8127
3692
3408
611
6780
2353
3390
2364
1280
4119
8897
469
269
705
548
3771
6741
1705
2127
2062
6300
3323
9112
3485
3913
1370
237
6385
6249
5905
9521
4534
7461
1634
6903
658
4108
3686
2317
5053
9240
4094
8282
9441
5779
6997
7900
7119
9519
3586
4834
5303
6687
8498
9203
2464
4921
6532
4461
2416
8512
9392
9846
8266
4057
9601
6576
5698
7022
6243
9001
7365
800
4262
1528
6787
3461
1534
1813
8709
4524
3668
2315
6538
3586
4211
7552
4948
9265
7767
3680
7835
9624
8467
8367
1695
2558
3887
8051
4354
7605
9988
9884
9055
7330
8880
1817
1913
8796
8395
3322
9603
2850
5994
4564
4891
4769
790
7974
8582
2594
7313
2573
6498
6981
9928
2017
880
7843
4738
9415
823
7899
5789
9752
6762
1018
6650
5819
4086
7362
6859
6911
2530
6734
9819
1979
1325
8738
1061
3701
87
2746
8046
9423
1175
9974
4025
3143
3614
6111
3953
3907
7105
4731
1409
1760
8064
9196
4590
893
9659
9167
8283
52
711
358
3576
1996
8474
6918
5756
9798
2336
699
1745
3270
7156
6855
9799
1876
4430
1363
9484
3485
2633
8044
9439
8232
3568
9390
7269
1822
8346
8112
1736
5383
9657
3924
5648
9532
346
6388
7674
6158
2861
2110
1353
1117
5413
5900
3095
9688
5475
3408
2358
7429
6410
1719
3192
6724
2589
8558
2397
8646
5202
520
3960
8685
5078
3318
2591
6378
659
4549
6771
6532
8856
3868
1485
3897
8242
2935
8606
7851
4764
5087
1706
4965
8200
7254
586
5451
4771
7797
8304
649
8822
5464
7809
7574
9035
9430
4976
9920
1100
8769
5501
1325
5239
518
8641
6843
632
9541
4240
147
9620
1344
8449
4051
1088
1967
3403
9522
5249
9962
1738
659
6177
2680
2297
8559
6433
8476
6764
549
8926
3513
4628
1201
5397
4605
5699
4352
2972
396
6917
683
9071
1811
2776
6375
1441
626
8839
1073
8087
7549
245
7238
9914
9245
1581
4929
1352
7622
9589
9249
572
4292
5859
8352
1032
3229
3878
2983
2596
4142
2278
7734
4798
8580
3141
5527
4448
7649
7657
7285
4939
3657
3358
2726
9136
3881
8347
589
9436
2342
5709
8039
6726
6701
9991
9355
673
6816
4292
7249
1745
6467
7712
4274
6315
9068
9205
534
4503
7374
4511
8971
2439
7521
1985
9874
4034
8607
5969
4794
9421
5980
5384
2808
7618
4543
1486
3402
3578
3983
9211
4920
6014
2106
3653
3096
7285
4796
4904
2337
8055
8533
3717
4666
8848
4079
7066
3726
6736
8773
4771
5219
5920
467
5977
9538
387
5856
9118
1493
9859
5332
3618
6168
1797
9064
5268
4815
4495
7830
2205
7061
9363
4001
1752
5521
4039
116
2919
3634
975
7253
675
4879
9345
2212
5559
3738
3447
6421
4684
997
4802
890
7613
1118
5067
6690
1751
4499
1912
2093
9871
9110
1959
51
2961
6857
2600
9750
184
1397
5191
9117
8358
9992
8053
3701
123
4875
4486
5825
5843
6411
3242
4572
1416
5016
8154
3851
4038
7224
7126
456
6642
6423
8596
2366
4161
7743
6751
2595
2232
9504
2599
9995
2781
6811
3473
3128
4723
3025
7303
2076
5552
3806
4279
4871
5923
8700
5864
317
7344
3739
6857
6180
1726
1794
76
4135
3246
6251
5835
193
1459
7501
2246
6649
5165
8011
3827
9024
6208
9704
5023
2303
8217
8161
1248
4457
2924
5032
9649
3288
6623
3472
8364
5601
6377
4827
7882
9304
6710
527
5016
1890
9464
5271
2562
2073
1654
5482
7784
5967
685
4214
3318
8601
8548
5988
4261
3208
4120
5553
6417
7599
436
6157
9904
9967
1328
9180
6378
9021
5627
5520
7400
8203
2985
8577
8297
5938
4726
1388
3331
4312
5802
2483
252
90
807
7558
2026
5421
3010
2822
4304
7110
3800
577
1133
3777
3298
2523
468
5621
2152
7910
1365
5690
3620
8099
837
1810
104
2584
1975
5884
6324
3534
5808
3171
3416
1754
6120
8317
415
6340
3123
6575
3338
8912
3113
6311
5337
2379
3653
9488
1715
6920
6568
5770
9491
3421
5884
4810
836
5327
486
9378
6766
6049
7395
9879
6012
8394
9519
1070
9310
5530
7009
9722
4539
7350
4238
2502
6612
7135
5799
2283
4364
7390
8094
6025
3378
7619
7887
8300
5192
6153
1222
5369
6957
2140
2153
4205
8210
3970
3085
4267
2937
5721
6169
4900
6924
7421
1002
8172
6280
1745
4665
494
1132
5872
3205
920
7222
5741
2705
2170
6440
5400
5627
1859
5460
5261
3782
7588
6684
8083
5444
5260
7768
2933
1497
9070
4126
2814
4390
8387
5848
9223
599
5707
769
292
6272
5706
4118
612
6539
929
8602
8977
8499
9680
7829
622
9889
8670
3321
2188
6479
3414
1934
3857
8844
9441
2985
4026
2715
5723
2569
4879
3506
5234
9778
7973
5921
4029
4993
1066
696
2917
5510
388
3715
7389
6930
293
271
6543
6968
6504
5492
5591
3749
7507
9488
6139
5959
4743
8799
7921
9270
81
3572
5595
7883
3278
1851
2177
8426
3182
3551
174
4358
2382
3407
3983
7708
5353
8975
9519
9099
6578
9362
9536
9885
1385
8615
4768
173
8726
134
8543
5414
2849
6358
8306
1684
5959
6180
3986
4800
3723
3589
2786
2362
569
4514
529
7063
5714
3769
5613
5437
797
7722
2504
3240
1118
9911
4584
4945
9007
5048
4139
227
5999
6926
4707
6000
687
5389
7078
4956
3489
9761
300
2849
8671
7166
4804
4800
2371
2740
6141
2699
3231
861
1668
112
3136
5726
1563
8549
8015
6430
7890
3717
9462
6891
748
598
1254
7705
15
8607
4546
7366
6485
9059
879
3894
1437
5961
5295
665
5482
7726
1182
2055
2081
75
5175
7326
382
3642
2033
749
9322
3266
4864
3879
6282
5233
9912
3906
9952
3153
8333
3328
182
1247
4458
9878
5833
2799
6424
7018
3778
8347
7944
5500
4257
3467
18
9699
126
21
1804
7278
9309
2046
1428
9251
2175
8318
211
2934
1382
5975
4963
3617
4254
6345
6158
7583
4057
7565
992
3053
4336
8644
3815
9679
3464
5640
4034
7784
6373
7334
7286
9935
5936
7908
2111
5103
4475
4437
3446
5205
1200
6894
4987
1763
4071
1003
5472
4558
1924
5698
2963
6735
6177
9487
4784
2760
9868
9413
8192
2992
8601
5646
9300
7649
4767
5326
3171
8463
8495
388
967
9922
9880
369
4285
9691
430
5875
1362
5908
1115
993
2554
4615
983
7186
9284
3695
1493
1676
2753
1515
2596
4611
4222
5950
3034
7341
8428
3121
8708
2522
6906
1414
8795
1226
7837
1617
259
3500
5993
9066
1675
3517
8004
4342
7258
2955
688
5372
9411
9107
2859
1820
3492
1217
9892
1036
380
9941
6757
5251
5205
4471
4631
4387
199
2301
8375
2803
2173
7908
2263
4400
4646
4351
3675
6159
8292
5900
450
270
4257
8539
9980
156
7942
135
6822
8207
9539
2738
2076
702
6222
8530
4383
1743
7202
5324
7690
3090
417
5089
7193
579
2772
3313
5870
6888
4851
7713
715
3621
3855
8566
4414
26
1381
3967
3676
4759
5971
3674
7105
6035
1724
1089
8178
1006
712
9507
9794
5514
6374
4563
8484
161
6034
4559
1859
6891
5440
522
1708
4090
9073
788
4317
7195
1514
7243
5454
1222
3346
6119
3865
9805
4384
5146
1932
9306
3917
6310
6919
1160
2779
87
4404
502
7528
4405
7752
8100
4377
2428
9005
7687
7828
7091
6770
7428
8969
9196
2337
4948
6854
4769
8499
3973
9666
8565
6696
583
4273
1565
9259
6833
6886
7400
351
2806
4288
3937
732
9915
649
3621
6418
9290
4353
9246
603
5628
9466
7882
6928
9997
95
9366
6356
9461
9683
5975
248
1339
3608
4226
4081
1688
6359
2296
6334
9883
4941
1567
9446
9441
4399
4810
52
4931
5176
7262
4478
3800
213
3673
9706
6261
8773
5167
3741
1066
1990
7414
8521
6223
5316
3084
6911
8915
8962
9177
1708
6058
7557
8782
3408
5444
4203
5158
2025
9777
9104
5703
6172
7200
8542
129
2307
7708
7566
5048
1514
6227
5477
731
6860
1984
9127
1372
8659
8525
1510
1987
6664
4025
3274
2717
5552
6766
8624
4169
2757
7212
2188
8222
885
1420
7646
9059
6350
3672
5057
1492
2215
9108
9876
1087
6003
6991
1225
1642
5399
8024
9568
3623
445
3072
2028
995
1683
8365
9339
5240
6083
4832
694
9005
479
830
9347
5820
3682
9035
1312
3104
8203
1945
1433
33
151
6193
4425
9054
1083
8451
5632
8963
5629
5300
5656
1422
9248
8898
9868
2225
2516
8376
9301
9627
6038
3506
5271
2557
1497
9815
438
110
4776
6362
321
3885
8138
9808
8174
493
387
4655
7585
4517
745
5123
5604
8746
3461
8320
6582
3209
3439
2422
8392
3440
9420
1144
9559
7935
8123
1781
2331
6934
2479
8379
198
5510
2249
4857
7434
6426
8875
4818
6447
8276
1212
1325
5917
6322
4601
1216
6488
3602
5961
4031
9437
1949
8126
1685
6808
2810
1633
5519
2764
6273
3616
9520
3110
8010
7133
2337
14
6691
6944
1809
7868
9172
9942
7597
7476
9445
1947
5273
312
1962
971
8988
6815
5306
4762
2546
5028
5269
4338
8705
1426
6203
5593
3832
1285
2911
4
6074
1350
7988
607
2424
3035
3584
4382
1687
8733
5019
348
6008
9558
7606
9969
695
6824
9470
5545
3700
501
2168
353
7590
4014
5221
676
2391
5588
46
5935
4914
2453
2329
1822
8833
5251
8273
3015
2161
1919
8159
1242
7632
6141
6782
7748
3888
9026
6021
1988
327
242
9551
4600
6853
822
8987
4020
5904
8934
7928
1269
2951
5540
7523
4973
3853
2119
2204
8268
8592
6373
2672
8757
5913
5415
1885
9443
4974
8347
9033
1039
2733
2397
9879
6169
6830
7263
6706
7546
4538
6748
2544
8255
2639
2587
7337
8823
1086
813
937
2407
2317
5903
4217
6820
5894
607
4110
6004
1707
4638
868
3147
4206
5399
2038
8245
2348
3735
1546
5457
7283
841
2087
8217
8443
7337
6734
2014
4761
3958
7183
2196
3655
3228
9058
9387
4188
932
9803
5083
5272
2809
3904
4809
7112
661
1889
4963
9992
2542
8625
3374
9822
3469
9555
8353
4744
309
7196
5955
2547
480
8909
1504
5575
1000
1347
5325
4761
8566
1749
4257
8442
8841
8957
9077
1157
9015
87
7725
4862
2512
1319
4542
1784
7466
1427
2073
4413
4277
4977
1871
3127
4332
7727
6548
4397
3272
2994
8722
7486
6670
9655
7406
4888
1151
8390
992
5911
1841
1858
7060
166
7986
9787
2395
2318
4530
6364
9671
1084
8964
7450
3012
9738
9755
5197
341
1143
395
6241
5909
1259
2388
7909
9401
8541
184
4499
3253
929
9460
9666
1358
3146
759
213
7744
5481
7560
7393
792
4838
6107
9733
4476
9302
6982
4672
331
2474
4095
7627
5287
7220
6198
7493
3479
2475
8360
4572
8160
5983
2760
6748
3225
2330
758
2728
3234
6724
7334
1646
3895
2589
1692
1683
1180
6274
6665
3303
3159
7996
6409
1273
8268
4767
6251
8178
5881
4443
6385
9252
7077
3519
5940
7808
9639
731
8956
3948
3000
4049
2968
1288
1431
2647
1272
2206
5769
1057
3920
584
3775
5021
5279
2393
5106
5103
423
5489
1527
4837
9573
6027
4132
486
9834
7162
6463
9075
523
4494
1804
8979
4742
8309
3240
4544
3197
576
4152
849
5932
5601
6683
783
4667
5098
5395
9811
9988
1955
4161
7481
4657
5896
6329
4003
1394
95
7862
1211
4533
3499
7088
5395
7712
1709
3587
7194
3941
9557
2587
3297
9726
3596
855
4970
6570
4170
6333
7952
4548
802
6579
6143
402
697
4050
7273
2330
637
4839
2836
1098
5299
3942
9544
6
7380
9364
3775
8327
4585
8001
8874
4987
8770
4744
968
3961
5275
7563
1185
2433
2569
9842
6954
5780
5049
38
7582
7141
9420
6863
829
2351
1765
8216
9580
9029
3524
8920
762
8991
8324
9165
8799
3915
1197
3097
1372
7892
1039
1979
4092
7802
4140
4833
3044
6381
4851
4914
8224
4940
7451
2915
9192
3865
5131
3465
622
6883
2762
119
4844
2647
3418
5942
3043
1252
7162
9618
1761
8960
9266
3867
2142
954
5347
1039
7421
933
3046
9620
4051
1227
6535
804
6324
33
2760
1460
9134
294
4449
9736
720
2395
8226
9824
2307
9106
1832
1876
9833
6805
4929
3441
9122
9282
1751
418
2164
8364
9741
3302
2306
7754
1074
9780
4574
6483
2709
6307
1060
4569
7627
9820
7381
4512
720
1174
8303
2800
8225
2597
4349
602
5180
4684
9346
5254
2264
9029
3357
4218
5826
7463
6610
1307
848
1054
3032
2835
275
9500
7067
5758
7407
2614
7746
8060
6071
9025
7924
9953
2835
6657
4167
6233
3496
8736
9220
5638
1617
7141
329
9032
4169
5630
7833
8809
8833
1317
7107
7494
2084
3557
7029
5038
5941
4162
3969
6144
5405
5012
9862
256
3781
7405
7177
6786
7126
8202
5076
5467
8081
9210
3264
2574
4069
6550
2282
8895
1175
2923
7887
4458
2262
6920
6795
6334
7607
3968
7793
1595
7008
9111
3646
584
9605
9716
3789
7362
6300
6864
4581
9976
4427
3728
7298
5998
1162
3527
1660
2501
5283
5831
39
4665
5860
460
4299
7195
3121
7154
2256
6059
9975
7260
9315
4150
6764
473
5267
1295
3262
6340
1255
6747
6812
8349
5897
9391
4423
1518
3366
9294
6981
3264
2847
4277
2828
4603
101
2273
6701
1546
2762
3927
2804
6864
3723
4073
2765
9543
1249
5789
4796
8108
2790
3976
8402
5888
6391
4887
3162
1544
9519
8535
9342
3902
6478
6263
8938
5695
1193
2635
6997
383
5164
3539
8100
6909
8288
2915
432
5838
753
9271
8420
9681
4139
2197
5408
610
913
3823
7433
6547
4483
219
9647
3808
8144
7305
1957
6782
8057
5201
4709
1517
2300
8929
9228
3250
8993
7392
3678
8693
8608
1589
3726
9313
4870
1820
4395
3198
9347
6487
2398
8769
1403
5549
733
9272
5293
1123
794
3450
7575
7883
6751
8209
9241
3779
8242
5966
6666
9958
7382
3116
3774
7065
6606
6876
7126
7371
9850
7141
6886
1570
3329
1637
2578
3650
7942
618
8981
2330
7345
4047
368
8840
236
7823
9490
9984
4117
4259
2794
9515
9696
5025
8675
9748
4288
3326
9270
2891
6374
6542
9422
3698
2467
9901
7452
2679
8244
219
7224
8641
6998
8977
4029
8504
1991
6054
6970
9136
6269
2321
7728
7365
4771
928
8125
463
9435
2241
1269
4603
8829
4013
7402
497
429
2161
8743
6083
7627
1456
1197
4087
5154
3188
6590
9642
5338
421
2028
2312
8570
222
9412
3357
2484
6618
7185
411
4984
7317
2679
5698
6667
3557
2021
9675
6507
5990
8970
760
8022
3451
8996
2383
8096
1924
7783
3696
513
1688
4905
625
274
4064
9985
7159
6592
2331
4611
795
1509
7627
855
4436
3006
5807
371
7180
2243
4647
7157
2461
6710
7205
749
3955
803
3855
764
9989
9026
7673
1219
9868
3721
7791
4781
7108
6764
5939
5177
8294
7786
8116
4510
8641
8758
3115
6536
2939
8416
8107
52
9129
5117
8366
4021
7088
9448
6678
4629
3553
387
128
4099
5426
9311
4100
3190
3315
2004
3713
2715
9128
2541
6707
3379
5942
4413
6423
5559
3437
3092
4958
4725
8838
6912
897
6452
6658
8959
2237
3153
1419
7052
2475
7424
5330
3945
584
4601
9880
277
2738
2087
559
5636
1743
5033
1482
1031
2833
9534
849
7110
6623
944
8888
7861
9878
916
8940
4316
1717
3259
6867
574
2535
3301
5054
3256
3722
2202
5124
5467
4119
8004
1483
6830
7824
5011
3847
2409
6489
9651
1135
5007
3705
1575
5267
1040
200
194
8696
8385
3252
2992
5707
8778
5098
427
1741
6254
2854
228
8321
682
211
9246
3875
4153
2096
7797
2168
549
6023
4559
6403
483
4837
9132
9976
9425
7408
9856
836
3047
8272
7189
2976
1277
6013
2690
3906
4247
9753
181
1773
3101
943
750
2411
6068
3841
3926
9667
194
8439
8883
9148
4128
1600
3935
2558
7582
9111
2559
81
3210
5533
2296
5731
1274
3400
8773
5935
5637
4484
1771
3312
9144
4224
2187
1898
8676
9794
9300
8012
3219
6479
2131
8278
9170
5214
3441
243
6754
2289
8521
1641
292
3110
3350
3191
1461
5282
6715
1308
7864
2832
8497
5596
3408
2679
9643
5567
8191
5193
1957
2916
2679
4088
4090
9260
3878
4116
2877
1900
8410
5217
6258
8406
739
775
7651
5321
2896
1014
1394
619
8494
7927
3533
9173
342
9177
1423
2702
4206
2545
4446
1960
3174
7807
9439
735
6150
2139
8851
7815
1348
7203
9852
2740
424
39
4151
877
9252
8876
3024
4497
8713
4604
8333
1027
3927
7275
4420
7165
6835
2114
9327
7698
6035
6198
2231
3907
7653
9408
8961
6278
2347
3234
1631
7271
3152
9416
4730
9117
1029
7005
5932
8677
4019
3640
3584
9658
4677
8270
8591
5615
9100
244
3180
6151
3572
4560
8373
7530
9675
2995
1720
8717
1840
7454
5415
2100
3586
1314
4438
5028
9558
5359
4844
9416
5456
7831
2558
1359
269
5067
7964
8404
996
2022
8685
849
9642
4362
8412
3509
8981
1641
6183
2262
6721
1942
9778
5097
3158
3949
2374
8808
1279
981
8097
7738
8142
1432
5726
7812
5472
6563
8013
183
2246
6894
8771
7990
6218
833
6769
3422
6590
8037
9776
8058
1184
426
7927
9866
5357
2229
3553
4086
23
8221
3587
2350
9781
7388
3651
3037
6666
1092
1202
2785
8761
6399
7503
3453
3221
4147
9308
4490
3983
5694
3201
9110
427
2356
2619
6139
3168
4577
3095
5191
4811
9652
4807
8562
350
7235
3512
9574
3975
809
1400
3978
5538
3978
5017
9531
247
7430
4935
2456
262
2959
1166
9056
2424
9297
2393
6730
1434
316
8431
2187
7294
1766
818
4796
7462
2423
7696
5590
5873
629
6504
2933
5945
9408
6952
7285
2574
6073
5044
5797
5207
920
7924
3659
5728
3310
9398
1386
150
5228
2307
9712
9195
4305
5469
8270
9901
6539
1560
58
9896
2439
7951
648
3014
1198
5260
3213
7836
6267
978
1238
1417
1068
2156
9069
2772
4581
1889
5495
6091
230
3715
6970
4270
2188
8611
4381
9416
9909
3165
781
7450
6195
5525
3408
5198
1790
2378
6876
5225
8737
8624
6960
7325
8240
7150
7247
2971
6998
3523
878
6006
8554
2401
6108
3500
2168
5241
2558
3345
7936
4775
4795
1795
3627
538
2071
9174
1390
1444
8290
122
8145
5563
6130
5100
5181
533
6387
9896
7008
911
8761
4433
3329
1712
5529
9947
8763
2185
3487
4016
3083
7678
7893
4702
4094
9741
4944
7791
9049
224
874
2055
6576
1834
6783
7139
9911
5576
8062
8421
3457
8788
8641
7365
7832
7847
4175
1700
9933
2622
6499
4763
2145
8913
6894
8928
4519
6368
1169
120
2499
4472
1544
9614
6295
3955
898
4670
1211
2218
6485
5345
2690
9632
607
4409
2939
4714
5670
8698
2106
354
7325
8899
7798
6959
3697
6850
9507
1924
4748
1486
213
5636
4100
3996
359
529
1269
6630
747
5404
4264
6599
1951
602
9169
281
1642
9669
7020
2510
6757
7528
5180
4216
3994
2206
8241
3578
1406
1892
3489
1048
8521
4007
1901
483
9683
237
6802
1975
9346
8652
6602
5628
1885
2972
6672
9677
6279
1580
3606
4429
9451
4276
6484
1374
5488
4758
9615
7779
6648
2818
5429
9815
3905
1995
5545
7161
7565
7259
2340
9340
7718
453
8646
3141
7810
7353
2947
746
3954
6797
5611
4434
3113
9738
5100
6271
3906
445
2829
162
8067
6275
4804
8132
1803
7069
2096
5016
691
9093
9898
8120
7990
7646
7754
2182
3665
8757
5881
7626
3109
8147
7940
3725
677
1857
4113
4791
916
5824
4416
3494
434
218
1565
7964
8560
9095
6273
3777
3928
4219
2262
2982
6141
7947
5481
686
5946
6979
4542
9550
2082
2114
2004
6887
6842
3803
1575
7819
6098
3162
7866
8088
2746
5684
4
1754
6969
1998
8305
4769
4528
3732
939
989
212
6031
2217
2686
8192
7050
7092
1487
8119
3720
6323
2937
9784
2326
637
8267
6723
1132
9668
5326
7762
9303
6824
4116
4420
6083
2969
4329
8326
8248
7813
1890
1400
8621
7278
9741
3779
5356
5368
8594
7982
7279
5178
9903
4915
230
8289
7189
5945
5829
8689
3835
223
8693
7918
2785
3881
52
5397
3588
2666
1293
9736
9027
6740
3035
7839
9170
4663
511
2593
3553
8482
8146
6145
2666
2901
6365
5025
6332
3243
7958
2333
4835
8227
3927
3095
1454
681
4156
6408
1672
774
1387
971
9403
1588
2006
213
2929
623
6690
3200
9197
2440
2087
7229
2400
3519
4179
671
2724
4446
2256
9914
8931
3128
6967
2735
7422
9755
2761
4185
1046
7644
2073
3998
8259
6500
5279
4513
2617
7721
9364
4939
770
8874
2183
2415
4184
5971
7404
7572
2717
9580
7416
4127
4624
5913
1556
472
4716
4849
3454
1952
6923
5892
7638
6882
5942
3421
5953
8520
7910
1149
3121
3313
6858
9347
5330
75
6839
751
932
9949
1283
3907
4308
2281
129
416
8929
1882
5367
8857
2414
4499
7134
9834
7998
5103
373
5696
1567
1370
6388
6243
1587
9542
2237
6544
7998
5249
9637
3629
792
9371
1917
3067
8582
3833
9968
8930
5862
6504
4817
8371
896
3790
1376
2491
4486
5404
2138
455
6009
6953
1644
4980
8696
5837
7613
1675
6997
1272
9073
8044
1155
8896
7536
2478
9618
4031
1986
1769
9445
5116
9748
8704
2232
9326
6557
7905
8094
227
4032
7525
5628
4175
9008
4358
6581
4994
9589
3052
6984
9634
4812
646
1677
5403
8405
7780
4336
9673
2359
8254
9169
5172
7720
8100
4859
9048
2244
882
1142
2592
4407
3481
8810
1795
157
5850
9463
5684
7227
211
525
7367
9578
7170
691
5346
3148
9234
1862
179
391
9274
8706
7930
4841
6708
7207
2633
1546
7015
883
5713
2415
4218
1945
6044
1254
3449
4717
5488
4801
9581
6482
2401
1860
7611
856
4614
2287
1511
5840
8775
7683
6672
8389
9385
5713
5728
7579
3332
2901
9882
8934
391
9930
1225
579
9527
4567
6743
7975
9340
3717
5847
9809
3081
4173
3883
8874
2794
2756
4098
264
6154
6067
4504
9711
9374
5876
2026
11
4977
515
5545
5352
5360
4113
2033
192
5677
4090
9406
6871
5798
7226
1947
4713
5109
5467
2418
4228
824
2111
8426
9423
9092
9479
4320
9013
7449
4230
9347
2321
6045
5516
5936
4912
9472
6826
8101
8773
3677
299
3520
9028
9025
1693
2191
1322
7004
7467
7112
6085
7537
5244
8266
325
6986
4963
9736
6809
2031
7627
6843
4558
2059
8668
1203
3811
561
9038
5201
8506
4602
9611
3042
4561
3484
3835
5880
3319
6660
5544
839
6457
5817
372
5327
123
3027
6761
804
6877
8528
7749
7980
3156
7200
9810
4544
8967
4183
1483
2048
2418
5668
3638
2702
7263
8731
3450
3689
2611
3822
6113
7156
8253
7123
8792
5992
3852
8558
5938
4958
3738
3321
4811
8245
7256
3005
1405
2648
2622
6140
4898
3268
505
39
9273
8684
7837
6119
1701
2430
9311
1557
580
4938
5161
483
6182
1128
6285
2457
2108
7149
381
9759
1811
5823
1003
5114
8568
9248
5355
3281
8923
7772
1136
7416
1673
5151
4672
4905
1156
2629
1163
8755
8989
7837
8000
5876
8989
7803
9929
8542
7950
6376
6144
5947
3363
3121
474
897
8269
3058
4680
7536
8340
3832
5104
7215
3469
4465
8351
6211
9311
9090
6425
4650
3904
4520
5
68
4009
7683
7351
3257
9423
4510
8181
9918
5643
1282
3522
8133
867
4249
3450
556
409
3982
9946
862
3389
2255
774
4121
9371
2426
6325
4816
8311
4937
2022
3957
4180
1096
373
6204
9478
9863
1543
7906
5847
7053
8458
4293
8550
9213
6363
8120
4892
4972
594
907
1660
7274
271
7162
7336
7558
9011
7242
4759
5863
1418
6320
3317
7429
407
2165
2720
241
1631
9293
1228
3721
6490
5860
791
4496
2881
3161
6395
1031
7701
5016
8302
8218
2473
1786
4028
8235
6827
5695
4675
3592
4153
9832
589
6141
6113
1422
6878
9538
7605
2769
7408
157
4890
3942
1321
4957
7242
8052
9028
4988
2839
1495
1877
8446
4150
5071
7416
3303
2944
6395
4560
5905
7217
7109
858
3144
2486
7552
9522
398
8909
6455
2376
5940
683
5684
8201
3654
4595
3634
4608
6426
5555
4495
3017
1807
759
7944
2582
2072
462
7422
46
8038
1733
4635
1214
2182
6228
75
5937
1375
787
427
1390
6687
8316
9894
2612
9612
1471
2107
8600
2926
3
1094
4358
7927
964
7162
1875
5677
9257
5968
2046
5354
895
982
4789
406
593
1970
2434
18
8540
3140
8805
9220
695
6069
9341
572
5069
6807
2682
1116
5132
9310
9138
2059
199
7381
2563
7524
1184
5776
2335
3097
4610
5065
149
4544
5422
9313
4168
7016
7844
6004
4716
2978
5746
1614
9418
9653
5851
670
9658
1358
7596
9284
4631
6811
7693
6726
6748
2858
5753
9041
7911
4273
5297
5597
5214
4959
4333
710
5883
5782
6491
9913
602
9224
3262
3231
8392
6013
5437
5581
3018
4722
2833
3158
7517
6647
9854
6742
7938
516
5676
3015
3701
3632
9017
8527
3333
4701
9729
7001
3161
2454
6982
5066
8720
9683
8420
1618
2983
4324
2179
8046
9041
4724
8335
8729
9122
9318
2507
3761
7031
927
1188
9974
486
5698
1509
2753
7072
7552
8916
7588
8704
7891
5279
8288
6993
6923
5081
5103
5647
3817
6571
4057
1457
5472
4864
9959
5362
8728
4843
4514
7385
31
4236
406
6655
3010
7649
4232
6866
3258
8096
7880
8449
675
4516
8337
3746
6512
5953
4313
7504
5090
2282
5782
3330
5590
7963
7351
5517
2023
2557
6314
4013
8102
3433
3453
2058
1367
349
3142
5799
2828
7956
5446
9376
6589
4579
1311
7878
2892
2151
1421
2778
4468
6612
3067
7959
1271
9956
3547
5768
2730
7909
9476
3204
70
2250
5221
9881
4395
4361
3304
3838
3185
8722
7487
9071
7788
9971
9776
5619
4144
8486
6349
2629
3997
5449
8166
4490
2053
6467
932
2719
1447
4520
9970
5946
487
8811
3453
7758
6723
8165
1624
5484
8881
8675
9723
2199
462
7246
9453
5289
3125
5669
8606
4773
8285
8240
5292
7913
3700
9221
7092
2503
6881
8341
466
2142
7917
5861
6393
9517
3467
4091
7958
1090
3091
2899
8152
4493
1761
9858
8923
845
365
5545
1521
6763
6735
2351
7321
8689
7110
2424
1218
514
6625
5179
8308
6842
5072
1598
5339
4084
6135
5922
9774
4928
9251
2069
1657
3962
2540
9890
5159
3810
8024
1849
8042
4061
2634
265
2980
3943
5344
3456
2753
382
7802
6044
7672
5469
7247
2027
4550
8965
6247
2503
7078
5328
6407
7612
119
5170
8856
3419
8020
7165
3669
5489
25
315
6808
9494
4103
5441
3586
7309
5558
8945
6919
2691
8874
6966
3351
2569
8755
2374
2464
3798
4898
7891
9947
915
4489
8259
3912
8014
3252
3070
2321
6667
2338
6327
3015
6653
7061
4550
2851
5826
9096
6293
3031
8659
5119
9406
8427
1330
4028
2654
5722
2758
2099
5045
1222
9631
1163
2966
9816
8872
4723
4552
9445
6093
7179
8972
7085
3204
8094
6584
315
2078
1064
5804
6084
1723
4700
7877
3665
1567
8933
6267
5448
7067
4978
5008
8127
9663
6035
5716
4235
9651
4462
894
3641
2464
4755
930
6067
6843
2251
7578
5650
1600
8100
336
8189
2408
1917
2822
8914
867
4774
4719
8581
5799
8874
2049
148
7180
4290
2554
6649
541
9131
7836
2547
8342
5116
9970
345
7717
42
1830
5787
6461
2094
7556
5488
400
1640
3012
9429
9513
2375
162
4158
9537
4818
7640
8706
2550
3
4156
9694
6862
9737
3302
2718
9263
2383
1320
2187
3577
4366
2717
7903
4324
9145
8837
6567
5642
3845
6049
6885
7190
2783
8171
4227
3334
1426
9951
9221
2605
8730
7269
7889
363
6783
6782
2228
2004
2185
5523
3247
5485
5215
4800
9269
2813
2933
2317
2762
8907
832
3672
5962
674
1603
6594
7802
2136
6975
3533
7753
4165
3591
8431
9869
2300
441
679
9155
7202
6816
514
7706
2331
6824
9021
453
8082
4180
3587
7693
5116
9765
293
2889
2472
6705
4201
3158
7865
9371
8425
4238
4002
1066
2238
9022
7224
7620
5444
2270
5053
468
8965
8251
9740
29
1473
1287
2346
3666
3340
9330
7339
1896
9249
7824
3835
5017
3673
970
8174
7021
5868
4147
5660
2171
7480
6924
710
1731
6519
3521
4534
587
432
6184
9455
845
7847
6211
8503
5351
3142
7063
1363
4488
5975
7372
2124
585
4288
7448
4774
2929
1462
8662
3495
2998
8503
4497
4932
6782
9791
8848
4700
53
3453
7460
771
85
6079
6034
1729
3298
1963
6803
3826
5636
6911
5859
2263
6487
3798
2006
9532
9099
5309
9756
1999
611
629
6333
4777
6559
2821
1648
6733
463
53
2340
3836
9945
8148
8349
811
4668
4790
2345
8975
1304
183
6628
6868
1565
8269
8606
348
7586
9254
7396
8100
3650
1704
1406
3461
6567
4490
6552
7062
7924
494
7734
8668
9210
4176
9979
3343
3235
8227
3435
6491
4153
8285
5482
5942
4067
7738
2691
9358
7209
1117
1363
6459
8264
5750
8868
402
193
758
3627
1736
9938
7227
528
6155
7556
583
3086
2262
865
1282
4455
2200
6626
5845
1398
1408
7112
5419
6848
4554
616
1833
3059
6357
9927
5117
7894
7048
674
4431
2941
5940
8340
3731
6044
9034
3658
1979
2014
1083
3667
863
2087
1688
423
7561
9116
290
4630
504
9499
3987
8935
1132
9511
6298
7062
913
9875
5168
1217
8587
4760
3257
1768
5164
9045
9477
3616
8988
1708
6966
6398
7578
6501
539
7363
8891
5293
2186
3653
9232
1605
5087
9991
1709
2610
4939
6666
7929
6894
4192
6717
8928
4534
264
183
4144
6827
9311
5290
1276
7881
9309
266
6998
260
7069
337
4103
6886
4876
8489
817
8978
2405
4027
1093
9255
5830
2108
7729
8303
1377
1118
7659
7898
730
7609
3680
8172
3115
9028
6963
910
5582
5116
3860
5803
7235
3873
3439
6622
7349
5382
8699
8922
4867
7749
457
1802
2813
4405
8165
3652
9502
5551
6022
2633
9611
4732
9341
3500
3609
9989
742
1677
9797
4571
9895
7651
8745
1233
9051
7983
1422
4349
7157
2549
8429
9042
2644
4638
417
5888
2918
9999
4774
6823
5297
4859
3488
7725
1463
7737
1536
7252
6925
6278
465
1212
9111
7782
4122
9165
3704
5986
8607
8689
5252
4084
2732
1613
2362
6807
5272
1335
6706
2811
1254
3410
1315
3003
8040
5213
3437
2652
138
1689
3069
3332
3373
6932
9696
4201
6734
8108
9084
4294
8008
5668
2794
2154
2077
2050
1532
9284
5831
9548
8538
1842
5300
7906
2745
8736
9724
8809
872
1303
9339
1856
8913
4441
2176
5772
4469
9885
5503
3085
6259
752
2683
568
4831
6789
6383
2545
1958
3090
9215
670
892
104
7825
3293
8153
2665
4770
709
7638
6529
598
6433
9636
1073
812
991
1360
3394
9781
4511
5950
2846
9521
3177
5671
6520
5684
6906
8558
7520
5113
779
6837
7173
5344
7555
7998
6530
1744
4727
2965
9053
4744
229
3788
5204
2089
9979
4677
1100
5138
7735
5290
5027
3177
293
6500
4764
1330
2684
1143
1414
660
4579
1593
277
9330
4978
9633
5572
8313
2636
8942
458
4417
4702
6348
6530
4748
539
4142
5065
2091
227
727
2724
4268
6319
5659
1158
350
8012
4026
7075
1821
9589
3337
217
6573
2885
5010
9660
1106
195
9880
6251
5686
6328
4952
6400
93
3435
4557
2142
1022
8347
2937
2548
3901
3396
1179
5522
1848
7795
3817
5684
9531
5001
8679
1280
2128
389
8036
3327
6906
7537
8384
2141
5872
3091
8008
6116
5301
7361
6992
5537
740
5924
1620
7185
5892
447
8859
9196
1353
4890
1208
3683
2421
9174
3869
4825
7255
367
5825
3636
7374
9014
1183
525
3932
1982
1113
6997
338
6114
510
1033
6040
378
8080
3928
2491
2120
2979
9690
1646
2985
5677
5485
4079
4589
870
7606
9571
1116
2369
5213
4653
9155
3420
8217
7226
8483
2206
2327
8254
8605
6181
7637
38
9986
9560
3178
6224
4249
7081
1782
1420
6331
7596
4040
1987
8047
8261
6462
2471
2675
8969
7889
1903
5627
1684
3826
1471
1182
5675
2883
7103
8372
3624
9
7726
7522
9319
5055
702
3109
8911
8953
9584
7028
7991
1369
3977
310
9983
3438
2910
1757
2235
6448
1826
2171
5964
4675
7745
233
4868
9588
7187
391
734
5915
9816
9667
8316
8779
6175
481
9006
2249
9677
9242
738
3159
7732
698
7197
5639
5404
8068
5763
7922
8312
3117
3294
2895
5218
9947
7492
3444
8710
959
6936
954
6659
3389
9677
5205
1103
5574
6159
8979
3260
3279
5806
4439
3906
6821
8965
6370
234
1585
3153
6162
9732
7238
6069
9069
6387
241
4209
8626
4874
5751
9790
2307
4418
5718
7513
3892
9269
7288
9890
5953
1772
7220
7683
657
3036
8341
8547
4759
3693
407
2558
3892
1231
9256
686
3564
4039
210
1354
5477
9096
8642
7910
1565
4473
5077
4110
1109
899
3908
9888
5437
835
3158
4395
1296
9529
9023
984
883
2211
2750
9671
7944
1062
2181
489
6015
1819
1754
9178
144
9712
7753
2982
7847
402
2143
2503
3048
3919
2934
9206
9373
1054
4460
1491
8749
6752
5784
4959
3551
8899
6105
1526
9444
2909
551
8186
378
1743
9725
5180
2712
6980
1093
1512
7946
9784
9997
3189
7364
9603
5782
3706
596
4380
4714
6166
6694
6823
1699
8042
87
6786
2529
544
9794
3044
4967
7152
2766
790
4901
3557
507
9716
5011
1486
5725
8396
2247
7370
4679
894
485
8752
7812
6557
7780
3998
1990
6195
1837
6386
390
4645
258
1699
264
7682
5855
8560
9665
5888
2993
5378
9925
390
2476
8064
9087
1332
4674
5915
5473
1910
1367
939
9902
9462
8757
4661
7515
1041
6622
8964
2929
4629
6637
7882
6692
4197
4986
4214
1707
6151
1394
6586
2753
9433
5686
2973
8620
9491
8916
1442
5215
4202
2324
2241
4877
8367
3505
6736
7133
470
6012
8002
8355
9694
8984
6932
4193
1500
5820
6964
5601
5951
2768
3335
2392
6170
1092
561
8336
813
343
9903
2281
7085
9968
9382
327
9785
6061
6081
3688
5400
5387
3912
5420
5891
626
2945
3491
8965
872
6502
817
6568
4635
5391
8495
4077
8681
7843
9325
8879
2062
6819
6807
2632
3296
8863
8374
4662
4398
5848
5883
7457
7488
1016
8429
6100
1425
9118
4794
398
7838
7651
2950
3841
8223
4926
5771
877
6784
296
8170
446
1225
721
3131
9928
1799
2086
4991
9987
6132
8176
4483
5960
9491
1417
6701
8047
7784
4036
8694
7399
7627
2829
8553
5019
6970
9163
8765
5694
7387
3080
3311
8617
2592
1629
2827
9539
466
2563
1131
2550
9939
17
3991
2454
3193
5409
1517
9392
1265
4249
1535
7657
7009
7719
2289
1001
8959
5770
1916
2207
6478
1934
4681
4865
2805
9528
704
1537
2804
4577
1602
4020
4922
546
9891
9827
3401
8605
4231
8643
8969
4506
1632
6000
8089
5153
758
1349
4393
5713
7766
132
253
9060
8595
1960
1231
1016
677
7017
5491
4894
8824
2018
4983
4505
61
8165
5570
3334
561
7105
311
6191
6241
2891
81
3992
3187
9434
4818
4750
6857
1124
556
3558
8657
3015
8435
6997
2860
1975
8767
759
3263
4509
8732
8036
9219
7858
7941
1789
8817
5397
7432
6448
3983
4932
5685
27
483
4344
1064
2752
3851
1678
2497
7389
6987
8721
1226
5486
7993
5418
6004
5840
5135
8446
4707
4460
6224
4466
8988
5791
8906
6546
8787
8980
2162
4422
1889
1471
2923
5489
1008
4731
6432
8643
5051
1530
3049
8318
6276
5069
7193
3802
5225
790
2034
6614
6410
3282
8247
3615
2912
9250
1568
424
1520
2459
8955
5866
99
1241
1404
8161
3245
7251
2957
7609
7170
2401
1339
6888
8582
6245
8946
1767
9341
2965
6176
849
4524
1928
1310
5261
1683
2033
8126
6991
9269
3717
4228
928
8377
4936
206
5675
4995
8631
4203
5335
5326
740
1640
8305
957
5382
2463
2164
9446
8797
482
7061
3359
2107
2010
2242
3827
3739
8852
9233
1664
8770
2934
9266
4009
4245
6575
5952
8797
4445
553
7457
452
9270
8465
5804
3991
7403
1297
1545
7285
8858
5224
6169
1730
3521
6839
2320
7743
9193
391
8196
6835
4264
3940
5617
1227
5085
8274
2564
283
8674
1385
9630
1175
7617
4523
9488
6229
936
4769
9148
1277
8618
9451
8164
4468
4829
1942
7066
6595
3496
793
4387
9737
7918
8404
9989
9648
9866
9617
3529
4258
2635
8702
5310
1901
9387
1618
2405
7373
7472
4418
5194
8035
7785
1998
1305
4518
7822
8362
2212
2402
7091
8858
2503
933
2438
9224
4995
6603
2912
3964
3316
3710
1756
6465
7212
3673
5200
7854
6770
5861
1356
7460
9422
7221
8976
7272
4353
269
3377
1071
1062
6858
1925
1754
29
833
8809
2622
2798
3605
6703
3445
7992
6429
4587
8240
5296
8773
9316
4071
6093
5135
4437
2702
1359
3574
1937
4936
2050
8629
3837
8314
4982
5427
7776
8573
8248
9239
5975
8754
8652
7566
77
5878
9595
4963
2164
1802
8691
9960
5206
6062
6084
4050
8183
4514
912
2832
8313
4770
7825
8764
7130
9391
8734
7630
4183
3504
7005
947
8906
4046
4594
3254
3451
7208
8651
3791
7698
7041
2319
9862
6840
9643
4720
1362
5929
8192
5159
2714
9010
6806
7885
9883
6277
2934
9345
5893
555
3418
7061
9892
9618
2141
1327
8811
7567
4976
7214
2671
3159
2049
2411
8684
4524
9509
9166
2048
7249
782
3793
1014
2150
7234
8522
2610
7218
1077
9488
4481
5604
2963
2241
6903
9643
3313
296
2580
4123
3803
8334
6386
5510
5681
3843
4646
7361
3546
4328
1683
5013
7656
845
4639
4488
3365
3792
2913
108
3092
3185
1265
1294
6669
6886
3964
1001
3019
9483
3053
132
2959
4573
7253
3854
5516
5766
5303
209
723
1858
5881
805
7744
2913
8730
9579
6930
2780
6969
6747
9061
3127
8381
8269
9568
4176
2398
2448
3139
2903
3577
4241
4152
1480
9778
7941
6744
7486
541
6711
9285
3277
9764
4090
668
3887
1365
1427
1715
7337
1118
5713
957
6848
8803
8463
1668
7298
9243
6313
3477
289
8229
7892
1047
7395
1431
2007
1924
5909
3372
1909
4923
3703
6647
7290
4412
5898
9448
6743
3510
4672
9679
8812
3082
5686
3289
5067
159
4671
8665
4783
2538
9048
5498
3348
9156
5513
683
9514
6960
5239
1814
1900
8746
9299
6463
9691
7706
7650
9571
3160
5708
2179
7798
5495
5355
549
7315
7119
1572
904
9003
8200
7521
3417
226
3354
6728
3216
569
2978
3477
5848
9608
2015
2731
2645
129
3326
632
1304
1999
212
3796
4989
4075
5025
3705
7480
3208
7944
2713
9346
3316
5680
1487
8248
5395
1712
7371
1507
6529
606
9948
3864
5901
2622
7152
563
6552
7649
3797
1105
2452
4868
9460
1516
3630
6200
8812
7773
382
7973
1898
9314
8772
7076
3983
3795
7266
3431
816
2081
8855
5300
1865
5912
1742
7844
6480
8501
3287
1630
9281
9237
7913
8483
4427
7333
3375
1847
8486
5833
1748
8675
8602
999
5203
3124
210
4520
1204
5223
6394
856
5174
3798
3151
7151
2789
4107
5021
1836
1190
391
7728
4036
2676
1410
5855
5220
1266
8479
7205
9326
7610
785
1500
1258
5812
6458
7255
8402
7597
6859
5053
5939
7955
1352
8175
4201
8628
5870
2055
1162
1741
9691
3694
4646
5376
1126
8386
872
9662
7588
7391
1191
2855
6654
704
8994
6070
5617
9192
8949
203
9018
4705
1497
8248
6331
3808
1808
9443
7096
6794
1567
2767
4402
3624
2035
3217
5199
6017
1325
6949
4874
5912
625
2341
4340
2111
3117
6676
2683
8927
4673
7171
301
8031
825
4730
5442
8406
5153
1548
3068
4282
7074
1444
9157
5724
1289
5878
1788
1326
9716
3377
3168
8561
4058
4315
2963
8691
7732
1738
6673
8063
9980
5874
8767
9403
4685
8583
5329
2274
3408
7932
8318
9713
2488
2784
5858
2941
3417
9945
2333
7450
6881
8759
6041
1847
2357
9538
8334
7685
6520
7333
3864
3745
4953
8662
9912
623
3508
1079
9627
7435
6740
4326
7064
1594
7469
4078
4982
5230
5885
6438
3513
8673
3592
54
2978
6637
4839
119
8785
7072
9994
977
5274
6588
7651
1835
4828
5166
1315
5311
8879
9299
5523
3726
8308
4481
8725
7096
4743
6307
5693
75
7464
3008
8567
2392
4749
819
5351
9428
2470
8239
9108
5267
8138
677
2893
8954
1608
2019
9551
2213
1694
2977
3021
6073
4317
782
7551
2880
6446
2181
3301
491
3763
5396
6682
994
6196
3198
9466
9568
2383
2100
3962
8545
1790
6854
610
3114
3313
2402
2585
7355
3876
6373
1547
4564
6577
2175
2251
1199
3423
662
5036
3203
3026
543
7055
1922
9255
7015
608
6445
8882
7904
6517
1150
1690
12
676
7442
8209
5116
1905
5580
4516
327
5452
6740
3910
8756
3422
2828
5327
2989
8640
359
7760
730
6960
4201
2952
6208
164
3277
1320
9089
1324
2279
9350
1671
7218
943
2392
524
2910
7344
5269
8030
5138
33
220
629
2261
5210
9622
1501
8850
9708
3291
5508
6794
3484
3568
8064
8596
6826
6606
3537
8369
5548
2721
3328
1757
8866
6296
1250
9556
2586
2792
5269
2581
9019
4922
8759
3500
8931
691
3336
4158
1141
6330
3769
3178
870
1310
4939
7397
4445
7161
8940
5534
5959
3707
4300
9565
8518
655
7526
4988
7938
7115
9389
752
613
56
6339
8013
8004
3242
3497
2319
3860
2657
2306
4021
3885
4388
8956
4887
2470
2296
9338
7825
2851
9922
1238
485
4253
3804
4234
5691
942
1235
6049
2862
4325
2342
7141
1620
6100
8339
8787
6388
6418
1998
6875
8403
7661
6337
7412
4343
4
2889
4075
5492
1778
6820
6167
556
9819
7294
3896
1631
6259
3790
4094
3489
4527
5004
8106
358
7347
511
1185
6211
3735
968
1410
7676
6796
5933
174
625
4738
3408
1056
3153
7309
986
6399
422
2301
7250
5485
4069
8657
8430
1860
1198
5003
8342
2535
964
4570
7168
3760
7322
4979
3181
4910
6023
2852
9315
8517
2042
1423
8067
9947
1859
3101
6650
9496
232
80
6937
880
4398
6339
6279
1790
3634
205
1721
1145
2687
725
3756
3540
1487
792
9455
6617
1887
3587
4796
5808
4755
106
7286
5927
7827
6758
3231
5820
4519
4557
516
5251
6731
7916
3349
278
9490
540
7486
7843
8557
6733
1461
6943
9396
2081
2567
5678
6910
6948
3733
2575
8168
3375
8303
7674
2670
9539
8730
8821
3796
6599
1688
7075
5558
1810
9298
1642
6268
9024
9991
1635
4406
9662
6863
4036
9791
8958
2493
4817
7931
889
1929
6483
1574
2755
965
4280
6016
8017
4473
6205
2142
8078
2291
8264
7808
7872
7156
4969
63
6417
402
7532
9290
6628
2343
3846
3432
8929
8516
691
2838
2395
5711
9264
4972
4548
6338
9388
409
9662
2627
7284
2632
5868
807
6941
1586
5875
6077
9572
8702
4871
8231
2245
244
9058
3611
442
8916
6201
9898
2367
7256
9172
4223
3002
2935
9384
7727
1538
2799
3250
6659
505
3722
2368
1412
6131
1118
4778
6150
8362
8708
6803
1100
543
9010
9781
7986
1575
369
7739
3010
8999
9887
2289
8101
2968
8960
3546
55
6966
1174
6495
9686
2560
3302
7610
5642
2506
7954
2867
1670
4097
5964
7478
1849
3286
8481
6112
2990
850
26
6917
2243
6673
7719
54
5330
6106
6930
7279
6664
7302
523
3833
5096
229
2797
266
4053
9081
7238
6547
3146
2890
5611
3915
6427
5422
9090
3634
2500
8240
2054
6516
7068
320
7740
5793
2230
5429
9651
2496
1711
6385
3178
6278
4641
7210
1932
5919
3946
4513
7976
1600
6247
9681
6591
3742
7039
7036
657
422
4987
1684
7856
7258
9627
4940
9979
4081
6374
9783
4014
8732
2666
4386
8522
2842
1220
1002
333
5408
7906
8757
8958
1811
128
4095
1886
5880
3141
6170
3601
8692
5532
7874
2022
876
9366
680
7852
3377
9548
7695
9999
8410
8491
7680
8218
56
4248
274
7353
4865
2400
9648
3258
3130
1830
2646
7556
4506
4532
3475
6829
2517
5255
8917
2973
7444
8002
8520
1722
7161
1246
2935
6933
4561
8301
9337
7155
6331
5157
8912
9796
453
5345
1254
3938
7274
988
9959
5120
4114
95
9320
6664
6194
2528
715
62
4536
9733
8783
311
9085
925
4800
9650
7335
2806
6674
4628
1602
3455
2230
2990
9995
7596
1683
1803
3822
1506
3945
3726
2385
6794
3218
6313
6949
5543
2825
623
2160
8041
3698
2147
5226
8182
4311
347
2237
9585
7026
5775
7798
8081
9195
5905
337
5579
3842
758
1714
8931
7909
2935
5788
3840
3882
950
6095
2110
1597
9887
6447
4415
2653
308
5471
5336
6570
7174
9775
9375
1513
2648
5562
6737
3752
3493
596
8473
359
2602
8904
7751
2078
8495
2551
7195
7267
2704
4119
6246
6349
8215
3427
8583
1000
6273
5627
2096
5570
8497
8103
1764
6853
4443
6094
7429
1
2457
1555
9084
3129
3136
6119
4362
6403
5922
7544
315
7526
3077
6328
8735
8997
6103
227
1978
672
7617
4005
2436
4610
683
3715
3135
260
602
4432
1235
8956
3559
6774
7283
4188
8309
9416
5140
822
